0.000000 0.0000000 0.0000000 0.0000000 -0.0000000 -0.0000000 -0.0000000 1.0000000
0.103391 -0.0001922 -0.0001147 0.0574614 0.0023363 0.0007172 -0.0003991 0.9999970
0.310262 -0.0002146 0.0000755 0.1718867 0.0008009 0.0011989 0.0014107 0.9999980
0.517929 0.0000980 0.0000975 0.2853613 -0.0022378 0.0002110 0.0042394 0.9999885
0.724219 -0.0000620 0.0004678 0.3970180 0.0009382 -0.0006609 0.0059182 0.9999819
0.930557 -0.0010134 0.0003875 0.5079374 0.0002960 -0.0014306 0.0054663 0.9999840
1.244258 -0.0019114 0.0007702 0.6730888 -0.0022757 -0.0025592 0.0060706 0.9999757
1.344229 -0.0024572 0.0011876 0.7279858 -0.0021505 -0.0029325 0.0062020 0.9999742
1.447568 -0.0028986 0.0013461 0.7821575 -0.0014440 -0.0033388 0.0063614 0.9999732
1.551083 -0.0031591 0.0010299 0.8363147 -0.0007104 -0.0042343 0.0066098 0.9999689
1.654521 -0.0042367 0.0015602 0.8904583 0.0001337 -0.0048080 0.0072439 0.9999622
1.757843 -0.0051804 0.0014789 0.9444290 0.0004258 -0.0055271 0.0070833 0.9999595
1.861353 -0.0060294 0.0013675 0.9980513 0.0008652 -0.0063941 0.0064275 0.9999585
1.964724 -0.0068894 0.0014376 1.0514667 0.0009221 -0.0072773 0.0056985 0.9999568
2.171620 -0.0091206 0.0011944 1.1584151 -0.0002396 -0.0087196 0.0057620 0.9999453
2.378626 -0.0116920 0.0012690 1.2638229 -0.0003892 -0.0100808 0.0060884 0.9999306
2.585514 -0.0143639 0.0013845 1.3681569 -0.0003014 -0.0115049 0.0059384 0.9999161
2.793694 -0.0173769 0.0017204 1.4702522 -0.0025986 -0.0124004 0.0063992 0.9998993
2.999556 -0.0202982 0.0016787 1.5700359 -0.0029315 -0.0131254 0.0063100 0.9998897
3.206573 -0.0237359 0.0019870 1.6662035 -0.0008127 -0.0138689 0.0055948 0.9998879
3.413963 -0.0274052 0.0021984 1.7609428 -0.0002692 -0.0148240 0.0050495 0.9998773
3.620721 -0.0306333 0.0018989 1.8541092 0.0001549 -0.0168951 0.0049797 0.9998449
3.827725 -0.0341247 0.0018207 1.9449961 -0.0016294 -0.0190045 0.0051626 0.9998047
4.034871 -0.0386430 0.0021357 2.0334389 -0.0023822 -0.0208232 0.0040736 0.9997720
4.243437 -0.0433237 0.0023546 2.1185167 -0.0015544 -0.0226534 0.0019999 0.9997402
4.449183 -0.0481450 0.0026065 2.2021451 -0.0030906 -0.0238838 0.0010361 0.9997095
4.656235 -0.0529716 0.0023284 2.2827432 -0.0023462 -0.0233501 -0.0021202 0.9997224
4.863788 -0.0568614 0.0028613 2.3596969 0.0001871 -0.0213696 -0.0031048 0.9997668
5.073257 -0.0604353 0.0030422 2.4362991 -0.0015239 -0.0182069 -0.0059238 0.9998155
5.277498 -0.0635964 0.0028903 2.5091100 -0.0037375 -0.0141549 -0.0106807 0.9998358
5.484644 -0.0656505 0.0033993 2.5784099 -0.0049192 -0.0086292 -0.0144666 0.9998460
5.691619 -0.0670168 0.0032867 2.6433315 -0.0055688 -0.0017680 -0.0185626 0.9998106
5.898736 -0.0673531 0.0036800 2.7030225 -0.0054742 0.0057761 -0.0224791 0.9997157
6.105870 -0.0672771 0.0036090 2.7571783 -0.0029259 0.0138832 -0.0258037 0.9995664
6.313021 -0.0647044 0.0038788 2.8055408 -0.0036369 0.0216517 -0.0257442 0.9994274
6.524037 -0.0625001 0.0039799 2.8492026 -0.0043441 0.0301502 -0.0281125 0.9991406
6.623722 -0.0613115 0.0039290 2.8684199 -0.0042934 0.0345010 -0.0305498 0.9989284
6.830809 -0.0580899 0.0037334 2.9029021 -0.0049514 0.0436826 -0.0320975 0.9985175
6.934429 -0.0561908 0.0036775 2.9188759 -0.0041870 0.0490962 -0.0314972 0.9982886
7.038067 -0.0541122 0.0033068 2.9340553 -0.0022035 0.0551138 -0.0307239 0.9980049
7.245330 -0.0492925 0.0033175 2.9647672 0.0004555 0.0696293 -0.0320961 0.9970564
7.353300 -0.0465038 0.0032241 2.9797833 0.0007859 0.0778123 -0.0330214 0.9964207
7.556580 -0.0397497 0.0030710 3.0092061 0.0015019 0.0955148 -0.0327870 0.9948868
7.763356 -0.0316551 0.0025742 3.0376835 0.0016317 0.1156087 -0.0324338 0.9927639
7.970621 -0.0222139 0.0021982 3.0661128 0.0028926 0.1380378 -0.0339635 0.9898403
8.177962 -0.0111626 0.0015329 3.0947139 0.0027529 0.1640141 -0.0360832 0.9857940
8.385961 0.0024659 0.0005958 3.1227632 0.0027063 0.1931847 -0.0375881 0.9804384
8.593446 0.0192120 -0.0004811 3.1500318 0.0045320 0.2265361 -0.0349772 0.9733640
8.799662 0.0383825 -0.0016003 3.1761847 0.0081494 0.2640456 -0.0347399 0.9638500
9.008027 0.0606277 -0.0027551 3.2029824 0.0105285 0.3047197 -0.0366232 0.9516795
9.214197 0.0870062 -0.0044395 3.2306154 0.0104866 0.3481462 -0.0410423 0.9364827
9.421456 0.1194981 -0.0067120 3.2582557 0.0108966 0.3951643 -0.0404282 0.9176558
9.630085 0.1588694 -0.0088745 3.2853181 0.0114226 0.4439155 -0.0397090 0.8951156
9.836009 0.2046449 -0.0115048 3.3098345 0.0130953 0.4942415 -0.0384452 0.8683754
10.043900 0.2563845 -0.0142883 3.3313377 0.0112029 0.5418077 -0.0379041 0.8395726
10.250360 0.3121216 -0.0169821 3.3483679 0.0100244 0.5857571 -0.0396238 0.8094555
10.457170 0.3735032 -0.0206920 3.3585696 0.0156595 0.6239302 -0.0301830 0.7807400
10.664530 0.4384487 -0.0238777 3.3651760 0.0198397 0.6555457 -0.0273746 0.7543983
10.767050 0.4727442 -0.0260855 3.3674569 0.0230204 0.6680287 -0.0250430 0.7433577
10.870220 0.5079160 -0.0281936 3.3687520 0.0247425 0.6789182 -0.0224281 0.7334540
10.973420 0.5441611 -0.0303427 3.3694959 0.0263199 0.6881258 -0.0197120 0.7248459
11.077200 0.5808735 -0.0322011 3.3697658 0.0274169 0.6953772 -0.0178987 0.7178987
11.180190 0.6181378 -0.0338107 3.3696477 0.0288910 0.7010754 -0.0177700 0.7122800
11.284150 0.6565340 -0.0362044 3.3694232 0.0287407 0.7058533 -0.0176226 0.7075554
11.385900 0.6957390 -0.0386478 3.3689549 0.0291574 0.7100234 -0.0177003 0.7033515
11.488980 0.7355988 -0.0407597 3.3676562 0.0318204 0.7131636 -0.0170250 0.7000681
11.592550 0.7762339 -0.0430277 3.3660848 0.0338587 0.7154617 -0.0163662 0.6976392
11.695270 0.8178277 -0.0452639 3.3648453 0.0337795 0.7170875 -0.0159598 0.6959811
11.799490 0.8597949 -0.0474219 3.3639128 0.0319880 0.7184311 -0.0158464 0.6946815
11.901710 0.9033730 -0.0500678 3.3631959 0.0286979 0.7194380 -0.0142276 0.6938177
12.108000 0.9919717 -0.0545405 3.3591571 0.0273350 0.7199924 -0.0097554 0.6933748
12.314500 1.0819206 -0.0590258 3.3554401 0.0320705 0.7195801 -0.0118729 0.6935669
12.521050 1.1744039 -0.0635498 3.3525825 0.0357023 0.7179803 -0.0145446 0.6949950
12.727430 1.2703230 -0.0695236 3.3502836 0.0315913 0.7164279 -0.0109291 0.6968600
12.934130 1.3653495 -0.0750276 3.3483412 0.0350111 0.7143940 -0.0103066 0.6987913
13.141650 1.4604857 -0.0803941 3.3469958 0.0357571 0.7122353 -0.0140367 0.7008889
13.348030 1.5572244 -0.0871142 3.3468127 0.0330145 0.7095645 -0.0115113 0.7037725
13.554880 1.6528815 -0.0928766 3.3465719 0.0367464 0.7073672 -0.0119271 0.7057897
13.761270 1.7491674 -0.0985678 3.3473973 0.0355013 0.7046499 -0.0136358 0.7085353
13.968170 1.8464223 -0.1050136 3.3478189 0.0376520 0.7021273 -0.0097133 0.7109889
14.175050 1.9432205 -0.1111476 3.3495727 0.0391709 0.6999480 -0.0087542 0.7130651
14.485500 2.0889113 -0.1204581 3.3532441 0.0392170 0.6963313 -0.0072406 0.7166117
14.692450 2.1870291 -0.1263764 3.3570142 0.0396476 0.6941574 -0.0082233 0.7186835
15.002870 2.3347702 -0.1359684 3.3643644 0.0373317 0.6913604 -0.0105851 0.7214674
15.209870 2.4338105 -0.1422485 3.3698182 0.0384523 0.6889715 -0.0134925 0.7236421
15.416750 2.5336182 -0.1490281 3.3759696 0.0380999 0.6865394 -0.0169324 0.7258963
15.623920 2.6352446 -0.1563543 3.3836310 0.0374773 0.6844206 -0.0173893 0.7279159
15.830620 2.7370949 -0.1637327 3.3913660 0.0365986 0.6815996 -0.0197643 0.7305422
16.039410 2.8399408 -0.1713580 3.3995607 0.0356593 0.6782539 -0.0192200 0.7337102
16.244300 2.9437582 -0.1794216 3.4101195 0.0383743 0.6740986 -0.0250734 0.7372176
16.453450 3.0478845 -0.1881355 3.4221532 0.0393888 0.6685695 -0.0295241 0.7420186
16.658020 3.1532526 -0.1975391 3.4349315 0.0369678 0.6629991 -0.0295547 0.7471226
16.864710 3.2594895 -0.2069302 3.4493616 0.0327368 0.6574767 -0.0271684 0.7522729
17.073430 3.3655453 -0.2149701 3.4662001 0.0283841 0.6519747 -0.0245135 0.7573126
17.279480 3.4685140 -0.2229008 3.4832513 0.0318718 0.6468317 -0.0270914 0.7614847
17.485440 3.5698175 -0.2313823 3.5016222 0.0334809 0.6428256 -0.0300387 0.7646908
17.693880 3.6698489 -0.2401179 3.5204840 0.0329006 0.6387708 -0.0283773 0.7681694
17.899360 3.7679012 -0.2479756 3.5398581 0.0274736 0.6359190 -0.0245237 0.7708766
18.106340 3.8633020 -0.2550206 3.5599303 0.0244612 0.6333134 -0.0248230 0.7731104
18.313370 3.9559474 -0.2618596 3.5800309 0.0246040 0.6317098 -0.0288128 0.7742785
18.520470 4.0453663 -0.2687823 3.5998929 0.0278797 0.6300540 -0.0323252 0.7753772
18.727490 4.1330948 -0.2759021 3.6195729 0.0280066 0.6288720 -0.0335117 0.7762813
18.934680 4.2189460 -0.2832274 3.6380098 0.0259501 0.6282514 -0.0316308 0.7769339
19.141510 4.3024702 -0.2899008 3.6567070 0.0255271 0.6290387 -0.0306160 0.7763513
19.351800 4.3829498 -0.2968624 3.6740913 0.0259357 0.6305101 -0.0326522 0.7750601
19.557750 4.4611912 -0.3031281 3.6898670 0.0294284 0.6319952 -0.0327276 0.7737215
19.763960 4.5373654 -0.3093425 3.7055607 0.0272450 0.6339373 -0.0319189 0.7722450
19.969850 4.6110125 -0.3161008 3.7193241 0.0267392 0.6355190 -0.0289420 0.7710791
20.177180 4.6819935 -0.3218815 3.7324038 0.0312088 0.6372444 -0.0274080 0.7695417
20.487640 4.7882619 -0.3304610 3.7527909 0.0325294 0.6389942 -0.0281399 0.7680081
20.694250 4.8595905 -0.3358033 3.7646856 0.0355029 0.6379540 -0.0235087 0.7688963
21.004610 4.9684229 -0.3447486 3.7864647 0.0350860 0.6337356 -0.0237662 0.7723881
21.213570 5.0415649 -0.3499639 3.8024192 0.0349762 0.6280492 -0.0234609 0.7770331
21.417970 5.1161284 -0.3558511 3.8207989 0.0331032 0.6211481 -0.0235364 0.7826399
21.624800 5.1921639 -0.3617148 3.8412590 0.0323377 0.6131887 -0.0265542 0.7888274
21.833000 5.2694545 -0.3675343 3.8641086 0.0317363 0.6047581 -0.0303270 0.7951986
22.038410 5.3488703 -0.3740042 3.8888946 0.0313013 0.5963460 -0.0322628 0.8014680
22.141920 5.3898125 -0.3771775 3.9024754 0.0313664 0.5919415 -0.0325675 0.8047116
22.348790 5.4733219 -0.3835018 3.9315271 0.0286279 0.5832060 -0.0323033 0.8111768
22.452170 5.5162907 -0.3866365 3.9468842 0.0273685 0.5788280 -0.0289676 0.8144753
22.659440 5.6039743 -0.3932082 3.9797335 0.0247744 0.5696538 -0.0260928 0.8210968
22.762490 5.6492610 -0.3957463 3.9969954 0.0267106 0.5654674 -0.0234003 0.8240058
22.865960 5.6947913 -0.3983157 4.0150042 0.0274244 0.5618651 -0.0197515 0.8265382
22.969530 5.7413464 -0.4011113 4.0331025 0.0275744 0.5588524 -0.0139410 0.8286912
23.072970 5.7872772 -0.4041311 4.0521564 0.0280198 0.5559142 -0.0110337 0.8306940
23.280040 5.8794937 -0.4097300 4.0914774 0.0332300 0.5491962 -0.0114969 0.8349534
23.487620 5.9724088 -0.4157000 4.1323023 0.0375057 0.5432546 -0.0127755 0.8386326
23.694540 6.0628662 -0.4234535 4.1760669 0.0336493 0.5393702 -0.0183726 0.8411955
23.903510 6.1510983 -0.4309598 4.2188907 0.0354265 0.5355873 -0.0217518 0.8434560
24.108220 6.2368555 -0.4384842 4.2609992 0.0344060 0.5321128 -0.0232909 0.8456534
24.315110 6.3219261 -0.4455087 4.3027887 0.0324883 0.5284777 -0.0209619 0.8480663
24.522420 6.4033084 -0.4522948 4.3444686 0.0316009 0.5251144 -0.0222419 0.8501539
24.728750 6.4827003 -0.4589269 4.3853106 0.0327032 0.5228342 -0.0206889 0.8515555
24.935580 6.5589380 -0.4657862 4.4247394 0.0323701 0.5212179 -0.0202086 0.8525701
25.142500 6.6328135 -0.4719185 4.4631763 0.0335491 0.5189942 -0.0202550 0.8538789
25.349360 6.7045178 -0.4783061 4.5004683 0.0356257 0.5160911 -0.0185613 0.8555912
25.556300 6.7737336 -0.4844664 4.5370674 0.0366571 0.5129083 -0.0163608 0.8575043
25.763160 6.8405061 -0.4903176 4.5737309 0.0371658 0.5096718 -0.0154112 0.8594276
25.970230 6.9057956 -0.4963195 4.6100183 0.0382703 0.5059683 -0.0152716 0.8615673
26.177790 6.9699726 -0.5024538 4.6471214 0.0401992 0.5014873 -0.0163726 0.8640755
26.384510 7.0324430 -0.5087883 4.6856003 0.0427750 0.4956717 -0.0226043 0.8671614
26.590190 7.0952663 -0.5153256 4.7258825 0.0443432 0.4891672 -0.0281585 0.8706068
26.796950 7.1592288 -0.5220405 4.7678695 0.0390384 0.4834441 -0.0310622 0.8739525
27.003850 7.2241836 -0.5292698 4.8117747 0.0305575 0.4771255 -0.0334266 0.8776675
27.210600 7.2906957 -0.5352263 4.8584280 0.0278332 0.4705167 -0.0359963 0.8812171
27.417420 7.3591242 -0.5415963 4.9073529 0.0286115 0.4636733 -0.0395961 0.8846585
27.624170 7.4295077 -0.5478423 4.9596510 0.0277368 0.4567391 -0.0420221 0.8881747
27.831080 7.5023541 -0.5545069 5.0149555 0.0248371 0.4491225 -0.0436907 0.8920556
28.037820 7.5768857 -0.5613599 5.0734091 0.0236332 0.4407537 -0.0432974 0.8962718
28.244420 7.6529007 -0.5678654 5.1363487 0.0227396 0.4317755 -0.0454630 0.9005476
28.451340 7.7310071 -0.5743543 5.2023211 0.0217911 0.4248402 -0.0458201 0.9038454
28.660870 7.8109136 -0.5818639 5.2704859 0.0223812 0.4206530 -0.0431823 0.9059169
28.866830 7.8931131 -0.5887118 5.3400059 0.0243398 0.4167459 -0.0370199 0.9079427
29.073550 7.9774251 -0.5956915 5.4128718 0.0246896 0.4130477 -0.0307258 0.9098560
29.279330 8.0609398 -0.6028348 5.4881840 0.0245842 0.4092232 -0.0309556 0.9115776
29.486390 8.1444569 -0.6094116 5.5659366 0.0226902 0.4051043 -0.0366022 0.9132557
29.692890 8.2293921 -0.6161220 5.6455526 0.0172263 0.4012529 -0.0355101 0.9151166
29.899820 8.3150921 -0.6219389 5.7262940 0.0132006 0.3962686 -0.0319935 0.9174821
30.211630 8.4429531 -0.6303240 5.8488526 0.0248713 0.3870295 -0.0243000 0.9214115
30.416690 8.5279779 -0.6366853 5.9340515 0.0262808 0.3796926 -0.0218683 0.9244807
30.726980 8.6538029 -0.6473954 6.0650597 0.0300633 0.3693705 -0.0168442 0.9286431
30.933840 8.7368832 -0.6544816 6.1547661 0.0306382 0.3647103 -0.0160583 0.9304783
31.244240 8.8630171 -0.6656220 6.2929583 0.0277593 0.3618997 -0.0094575 0.9317557
31.555590 8.9870510 -0.6753029 6.4302244 0.0269668 0.3622249 -0.0108206 0.9316377
31.865880 9.1105957 -0.6849599 6.5672951 0.0260591 0.3655653 -0.0166757 0.9302714
32.176640 9.2356787 -0.6953290 6.7032914 0.0224515 0.3705358 -0.0179016 0.9283743
32.382560 9.3191366 -0.7023072 6.7910070 0.0246441 0.3742297 -0.0167984 0.9268563
32.589890 9.4022589 -0.7092164 6.8781328 0.0302045 0.3785306 -0.0239253 0.9247864
32.796560 9.4868574 -0.7169124 6.9644432 0.0248583 0.3833120 -0.0243116 0.9229642
33.003430 9.5711203 -0.7239724 7.0488906 0.0224324 0.3878292 -0.0240818 0.9211435
33.106800 9.6133375 -0.7272327 7.0904713 0.0225481 0.3899247 -0.0231323 0.9202800
33.211600 9.6562243 -0.7307521 7.1314039 0.0243632 0.3918023 -0.0218833 0.9194664
33.314720 9.6988926 -0.7341472 7.1720271 0.0259626 0.3940585 -0.0209547 0.9184796
33.417090 9.7420349 -0.7377729 7.2126637 0.0279445 0.3964755 -0.0205019 0.9173909
33.520520 9.7853222 -0.7413673 7.2532234 0.0277960 0.3989637 -0.0206875 0.9163118
33.623980 9.8288155 -0.7450627 7.2936831 0.0273356 0.4013098 -0.0216631 0.9152781
33.727760 9.8721685 -0.7485576 7.3337183 0.0274776 0.4045399 -0.0213911 0.9138571
33.830820 9.9161453 -0.7518475 7.3736978 0.0275777 0.4078875 -0.0226711 0.9123340
33.934650 9.9598799 -0.7561545 7.4132695 0.0290373 0.4115734 -0.0260734 0.9105408
34.037880 10.0045462 -0.7597649 7.4525476 0.0307176 0.4150762 -0.0283112 0.9088271
34.244700 10.0947475 -0.7683012 7.5298219 0.0277759 0.4229909 -0.0279180 0.9052778
34.451590 10.1897669 -0.7758697 7.6090450 0.0192757 0.4312516 -0.0269432 0.9016234
34.659100 10.2851582 -0.7821767 7.6844945 0.0183518 0.4397478 -0.0287522 0.8974733
34.866170 10.3825111 -0.7889217 7.7577481 0.0266282 0.4472503 -0.0295017 0.8935254
35.074860 10.4821129 -0.7969530 7.8289399 0.0280308 0.4551376 -0.0270398 0.8895689
35.279490 10.5823803 -0.8055587 7.8989768 0.0263527 0.4628359 -0.0240555 0.8857256
35.486280 10.6816969 -0.8134689 7.9671979 0.0274450 0.4699660 -0.0228486 0.8819618
35.693160 10.7802505 -0.8216667 8.0320473 0.0253351 0.4754704 -0.0189562 0.8791625
35.796540 10.8293896 -0.8253036 8.0642776 0.0238763 0.4777532 -0.0191467 0.8779608
35.900040 10.8776798 -0.8288121 8.0955963 0.0246877 0.4802175 -0.0199375 0.8765754
36.006010 10.9256020 -0.8326272 8.1264572 0.0264934 0.4821842 -0.0204763 0.8754297
36.210300 11.0199547 -0.8395585 8.1863041 0.0294249 0.4854293 -0.0236422 0.8734607
36.417070 11.1149950 -0.8466884 8.2449608 0.0247434 0.4880979 -0.0187438 0.8722367
36.520460 11.1619139 -0.8499300 8.2728853 0.0244434 0.4894055 -0.0159435 0.8715679
36.727360 11.2531862 -0.8561636 8.3277664 0.0282648 0.4918330 -0.0142262 0.8701144
36.830740 11.2976074 -0.8598078 8.3550758 0.0304752 0.4928523 -0.0170924 0.8694112
36.934690 11.3415337 -0.8638397 8.3816986 0.0335969 0.4937317 -0.0200096 0.8687346
37.040370 11.3854237 -0.8669612 8.4072590 0.0362909 0.4947983 -0.0193405 0.8680343
37.141020 11.4296331 -0.8704002 8.4329376 0.0328346 0.4960456 -0.0176948 0.8674950
37.244700 11.4732132 -0.8738215 8.4594145 0.0252116 0.4978631 -0.0176455 0.8667095
37.347880 11.5162306 -0.8771206 8.4854393 0.0196799 0.4993159 -0.0187604 0.8659933
37.451400 11.5585938 -0.8803288 8.5104580 0.0198765 0.5002875 -0.0198092 0.8654045
37.554790 11.6007500 -0.8826153 8.5346737 0.0225446 0.5015525 -0.0197518 0.8646079
37.658150 11.6426201 -0.8853406 8.5585003 0.0241841 0.5027414 -0.0199222 0.8638689
37.761670 11.6840916 -0.8880262 8.5823250 0.0234064 0.5040081 -0.0198004 0.8631546
37.865070 11.7250452 -0.8907732 8.6055565 0.0228051 0.5052679 -0.0196552 0.8624372
37.968550 11.7654276 -0.8936695 8.6282463 0.0224112 0.5064226 -0.0194764 0.8617741
38.072390 11.8052816 -0.8964410 8.6507034 0.0232051 0.5079799 -0.0191954 0.8608423
38.278810 11.8841085 -0.9019798 8.6937447 0.0251948 0.5117673 -0.0199537 0.8585228
38.485830 11.9619045 -0.9074304 8.7352829 0.0269998 0.5164632 -0.0213448 0.8556174
38.692720 12.0394659 -0.9130034 8.7753067 0.0309747 0.5221921 -0.0222629 0.8519744
38.899920 12.1190424 -0.9189878 8.8151417 0.0298860 0.5282364 -0.0254534 0.8481895
39.106870 12.2000027 -0.9255115 8.8541632 0.0287624 0.5341159 -0.0274752 0.8444750
39.313880 12.2819195 -0.9320916 8.8927298 0.0302486 0.5408692 -0.0311899 0.8399838
39.520900 12.3667707 -0.9393391 8.9305286 0.0312438 0.5474012 -0.0340634 0.8355928
39.727990 12.4538479 -0.9472777 8.9680367 0.0321872 0.5541313 -0.0361714 0.8310199
39.934800 12.5449553 -0.9552586 9.0040655 0.0341411 0.5604858 -0.0346196 0.8267354
40.141680 12.6384764 -0.9635144 9.0407572 0.0315324 0.5672749 -0.0332306 0.8222533
40.350540 12.7365971 -0.9713832 9.0766554 0.0299573 0.5728639 -0.0298204 0.8185598
40.556060 12.8375759 -0.9789851 9.1130981 0.0252577 0.5779232 -0.0260350 0.8152846
40.764080 12.9402895 -0.9862340 9.1475487 0.0317305 0.5819436 -0.0258140 0.8121998
40.969360 13.0435781 -0.9944597 9.1810770 0.0436176 0.5854910 -0.0281854 0.8090138
41.176820 13.1529274 -1.0040296 9.2150602 0.0435317 0.5894765 -0.0206350 0.8063477
41.385110 13.2635984 -1.0142474 9.2495747 0.0431907 0.5934397 -0.0212255 0.8034385
41.592690 13.3748846 -1.0241954 9.2845621 0.0448408 0.5972936 -0.0277538 0.8002872
41.796670 13.4883785 -1.0351932 9.3185511 0.0390388 0.6020335 -0.0271557 0.7970535
42.003560 13.6042032 -1.0454003 9.3516130 0.0401009 0.6063219 -0.0294545 0.7936612
42.210320 13.7220163 -1.0564926 9.3823633 0.0426277 0.6100478 -0.0270268 0.7907555
42.417600 13.8413219 -1.0673230 9.4128494 0.0429932 0.6130741 -0.0254928 0.7884427
42.623970 13.9612198 -1.0786133 9.4439526 0.0417019 0.6154800 -0.0250835 0.7866488
42.830730 14.0811462 -1.0899994 9.4741917 0.0392493 0.6176630 -0.0254311 0.7850510
43.037390 14.2015171 -1.1009153 9.5037727 0.0398486 0.6190359 -0.0275763 0.7838661
43.347610 14.3803930 -1.1174288 9.5469923 0.0377849 0.6211762 -0.0252148 0.7823533
43.660340 14.5591583 -1.1332642 9.5883455 0.0407334 0.6229806 -0.0275565 0.7806898
43.971430 14.7376270 -1.1502482 9.6295214 0.0392631 0.6261186 -0.0283295 0.7782232
44.176790 14.8575897 -1.1615512 9.6557398 0.0357403 0.6288938 -0.0246507 0.7762780
44.382090 14.9763613 -1.1715512 9.6810331 0.0356970 0.6322192 -0.0257597 0.7735380
44.589150 15.0973635 -1.1815683 9.7046185 0.0357401 0.6353056 -0.0256762 0.7710060
44.796760 15.2169580 -1.1917623 9.7278194 0.0348732 0.6385773 -0.0254331 0.7683463
45.003060 15.3366728 -1.2017101 9.7500162 0.0338622 0.6416626 -0.0273099 0.7657523
45.209900 15.4557037 -1.2115452 9.7713604 0.0313888 0.6446019 -0.0298292 0.7632911
45.416890 15.5746365 -1.2219447 9.7926121 0.0321039 0.6470576 -0.0354713 0.7609386
45.623680 15.6936855 -1.2325562 9.8122482 0.0308414 0.6496280 -0.0363060 0.7587583
45.830550 15.8125191 -1.2431095 9.8312368 0.0286830 0.6523231 -0.0336276 0.7566513
46.037440 15.9309597 -1.2530314 9.8485718 0.0288209 0.6550257 -0.0327988 0.7543441
46.140840 15.9901180 -1.2578397 9.8568258 0.0294350 0.6564278 -0.0335481 0.7530675
46.347740 16.1072407 -1.2676572 9.8722382 0.0319210 0.6602803 -0.0301220 0.7497357
46.554470 16.2254047 -1.2776434 9.8868227 0.0305571 0.6639596 -0.0286255 0.7465953
46.657980 16.2835140 -1.2824047 9.8934040 0.0358309 0.6653742 -0.0321973 0.7449542
46.761380 16.3407478 -1.2875097 9.8997478 0.0407342 0.6672475 -0.0360189 0.7428487
46.864950 16.3978004 -1.2933813 9.9057961 0.0415479 0.6692781 -0.0379672 0.7408772
46.968250 16.4556637 -1.2993051 9.9121952 0.0381809 0.6713431 -0.0375508 0.7392095
47.071770 16.5140362 -1.3050905 9.9177103 0.0347356 0.6732451 -0.0362153 0.7377147
47.175200 16.5720577 -1.3107319 9.9230595 0.0322848 0.6752694 -0.0352578 0.7360203
47.278520 16.6299782 -1.3159961 9.9282856 0.0308446 0.6775100 -0.0366062 0.7339543
47.382040 16.6877575 -1.3212739 9.9332161 0.0286374 0.6801581 -0.0372037 0.7315606
47.485460 16.7449303 -1.3261483 9.9375305 0.0254628 0.6828651 -0.0372939 0.7291474
47.588920 16.8017693 -1.3312420 9.9416618 0.0235382 0.6855912 -0.0368305 0.7266734
47.692300 16.8585320 -1.3359346 9.9443645 0.0255609 0.6879871 -0.0360329 0.7243769
47.795800 16.9145927 -1.3402027 9.9467678 0.0277073 0.6901582 -0.0368943 0.7221861
47.899190 16.9712334 -1.3449597 9.9492245 0.0290358 0.6925946 -0.0369308 0.7197956
48.002630 17.0279427 -1.3497699 9.9512882 0.0282731 0.6949695 -0.0364840 0.7175562
48.105950 17.0848541 -1.3546488 9.9532661 0.0271389 0.6972342 -0.0359358 0.7154275
48.209330 17.1414070 -1.3593278 9.9541740 0.0276302 0.6993688 -0.0347253 0.7133821
48.416100 17.2535362 -1.3689617 9.9558716 0.0302538 0.7027674 -0.0362272 0.7098523
48.622870 17.3653145 -1.3784291 9.9564686 0.0327939 0.7050081 -0.0340390 0.7076224
48.829380 17.4778175 -1.3891140 9.9563026 0.0329036 0.7064579 -0.0307871 0.7063192
49.036150 17.5895844 -1.3981471 9.9561253 0.0344140 0.7074829 -0.0299196 0.7052577
49.242780 17.7004623 -1.4080236 9.9554977 0.0374330 0.7074612 -0.0289279 0.7051671
49.452210 17.8083344 -1.4178660 9.9550056 0.0389840 0.7066144 -0.0282878 0.7059577
49.759580 17.9658203 -1.4328969 9.9560547 0.0393624 0.7043660 -0.0254798 0.7082866
49.966330 18.0683498 -1.4419241 9.9575481 0.0369844 0.7021520 -0.0235821 0.7106748
50.172720 18.1680984 -1.4506046 9.9604530 0.0340805 0.6995108 -0.0250501 0.7133693
50.379340 18.2649574 -1.4584777 9.9636173 0.0337013 0.6966474 -0.0263537 0.7161369
50.586570 18.3594551 -1.4664288 9.9677277 0.0308477 0.6942598 -0.0253360 0.7186167
50.896200 18.4952354 -1.4772762 9.9744434 0.0306703 0.6900027 -0.0258800 0.7226935
50.999580 18.5386028 -1.4809320 9.9765816 0.0312710 0.6886356 -0.0265698 0.7239456
51.206270 18.6217232 -1.4878466 9.9823532 0.0309136 0.6863788 -0.0292380 0.7259983
51.413610 18.7018776 -1.4947404 9.9881840 0.0298126 0.6838644 -0.0307014 0.7283530
51.622300 18.7786636 -1.5012305 9.9940186 0.0294604 0.6814506 -0.0315669 0.7305893
51.826760 18.8522301 -1.5074806 10.0003662 0.0289859 0.6793621 -0.0339070 0.7324461
52.033540 18.9238491 -1.5138679 10.0070324 0.0278187 0.6770760 -0.0346288 0.7345714
52.240390 18.9924850 -1.5199915 10.0134659 0.0281203 0.6748459 -0.0352307 0.7365807
52.447130 19.0580902 -1.5257990 10.0201797 0.0292805 0.6729696 -0.0360315 0.7382116
52.654640 19.1217995 -1.5316055 10.0268154 0.0294925 0.6715585 -0.0374702 0.7394156
52.860930 19.1847343 -1.5371937 10.0336685 0.0300992 0.6706447 -0.0389125 0.7401456
53.067800 19.2471199 -1.5428890 10.0402107 0.0306748 0.6707752 -0.0391485 0.7399913
53.274690 19.3109989 -1.5485638 10.0472050 0.0291467 0.6717122 -0.0392401 0.7391978
53.481550 19.3762398 -1.5544616 10.0531387 0.0321610 0.6731276 -0.0390221 0.7377956
53.688500 19.4434853 -1.5610234 10.0585117 0.0383620 0.6745335 -0.0392454 0.7362015
53.895510 19.5139179 -1.5670726 10.0648651 0.0392286 0.6761987 -0.0407945 0.7345422
54.102390 19.5872517 -1.5748140 10.0696697 0.0412398 0.6776004 -0.0334846 0.7335092
54.309430 19.6633415 -1.5823739 10.0757694 0.0409515 0.6793638 -0.0351057 0.7318165
54.516280 19.7422333 -1.5895108 10.0816555 0.0419164 0.6806267 -0.0346258 0.7306104
54.723200 19.8244820 -1.5975091 10.0862427 0.0436482 0.6816334 -0.0316737 0.7297037
55.033520 19.9530067 -1.6098605 10.0953979 0.0433397 0.6835212 -0.0360765 0.7277493
55.240380 20.0408821 -1.6185286 10.1008053 0.0430691 0.6847017 -0.0369448 0.7266111
55.447050 20.1324062 -1.6278614 10.1073303 0.0413493 0.6862805 -0.0388268 0.7251219
55.653990 20.2247219 -1.6379473 10.1120682 0.0473430 0.6871760 -0.0408166 0.7237968
55.860740 20.3201103 -1.6483905 10.1169815 0.0492222 0.6879271 -0.0398002 0.7230141
56.067460 20.4186687 -1.6595756 10.1211071 0.0492199 0.6888670 -0.0337772 0.7224256
56.274290 20.5180511 -1.6704313 10.1253071 0.0508795 0.6895208 -0.0338809 0.7216817
56.481050 20.6204720 -1.6813602 10.1300850 0.0514415 0.6897562 -0.0336932 0.7214257
56.687660 20.7251339 -1.6931603 10.1356049 0.0509855 0.6891789 -0.0316969 0.7220998
56.894350 20.8323345 -1.7038053 10.1415100 0.0501750 0.6883164 -0.0311327 0.7230033
57.204360 20.9948025 -1.7211218 10.1503296 0.0499615 0.6863958 -0.0287839 0.7249388
57.410890 21.1059456 -1.7321801 10.1575050 0.0508375 0.6845461 -0.0278036 0.7266631
57.720780 21.2763748 -1.7496058 10.1695290 0.0516649 0.6814467 -0.0261062 0.7295750
58.030610 21.4502983 -1.7675322 10.1838188 0.0513601 0.6783947 -0.0286028 0.7323419
58.340500 21.6276608 -1.7865953 10.1997414 0.0500410 0.6760728 -0.0296991 0.7345335
58.547070 21.7478142 -1.7989221 10.2096405 0.0483344 0.6749173 -0.0278280 0.7357826
58.857110 21.9302254 -1.8176506 10.2263107 0.0496781 0.6739311 -0.0274062 0.7366126
59.063680 22.0499878 -1.8304768 10.2378616 0.0464633 0.6738946 -0.0279196 0.7368363
59.373860 22.2281036 -1.8485104 10.2552242 0.0462655 0.6736580 -0.0301152 0.7369786
59.683780 22.4048233 -1.8668606 10.2724724 0.0458373 0.6734911 -0.0313550 0.7371063
59.890360 22.5212078 -1.8792679 10.2836895 0.0454958 0.6733704 -0.0309685 0.7372540
60.200330 22.6959724 -1.8973429 10.3003025 0.0477487 0.6725920 -0.0289727 0.7379028
60.510030 22.8703041 -1.9156418 10.3171730 0.0536679 0.6699964 -0.0263362 0.7399535
60.716680 22.9870987 -1.9284739 10.3290367 0.0571190 0.6675315 -0.0251128 0.7419626
61.026630 23.1611862 -1.9477931 10.3489628 0.0585820 0.6637273 -0.0247885 0.7452649
61.336450 23.3353806 -1.9672918 10.3713493 0.0536695 0.6590925 -0.0232112 0.7497852
61.543140 23.4508820 -1.9799476 10.3884907 0.0518675 0.6551092 -0.0239415 0.7533715
61.749770 23.5669041 -1.9919059 10.4061871 0.0515578 0.6499784 -0.0250879 0.7577866
62.059540 23.7400074 -2.0102077 10.4370232 0.0506568 0.6395438 -0.0279418 0.7665749
62.266190 23.8535271 -2.0227389 10.4606915 0.0496732 0.6323982 -0.0289585 0.7725067
62.472790 23.9682446 -2.0350430 10.4856243 0.0486623 0.6255621 -0.0297017 0.7780886
62.679430 24.0832596 -2.0478425 10.5132618 0.0476920 0.6204860 -0.0305225 0.7821708
62.886160 24.1989899 -2.0604129 10.5417385 0.0473215 0.6164562 -0.0311274 0.7853494
63.092920 24.3150520 -2.0731175 10.5717831 0.0470779 0.6128218 -0.0312628 0.7881978
63.299560 24.4316444 -2.0860398 10.6029606 0.0469998 0.6092641 -0.0314636 0.7909477
63.506200 24.5481663 -2.0986185 10.6349792 0.0454835 0.6056234 -0.0309223 0.7938485
63.712840 24.6639881 -2.1108599 10.6680470 0.0440166 0.6019360 -0.0293496 0.7967898
63.919450 24.7787304 -2.1229856 10.7023926 0.0430536 0.5983917 -0.0292138 0.7995127
64.125870 24.8915195 -2.1354265 10.7370396 0.0441690 0.5944313 -0.0323789 0.8022794
64.332410 25.0036945 -2.1478605 10.7726936 0.0415531 0.5912860 -0.0321536 0.8047487
64.539060 25.1149578 -2.1595869 10.8090210 0.0378551 0.5896390 -0.0341017 0.8060583
64.745710 25.2238884 -2.1711116 10.8452797 0.0400730 0.5886728 -0.0384773 0.8064601
64.952280 25.3325005 -2.1829724 10.8815842 0.0367511 0.5884313 -0.0388565 0.8067764
65.158820 25.4395962 -2.1943128 10.9172153 0.0326566 0.5884303 -0.0381257 0.8069881
65.365480 25.5457630 -2.2041624 10.9522820 0.0331085 0.5888688 -0.0381986 0.8066463
65.571960 25.6524315 -2.2144673 10.9865112 0.0344448 0.5893143 -0.0352487 0.8063992
65.778660 25.7593002 -2.2253051 11.0205765 0.0351202 0.5895231 -0.0351426 0.8062222
65.985180 25.8654747 -2.2356889 11.0543766 0.0401919 0.5893582 -0.0368729 0.8060285
66.191750 25.9730129 -2.2469125 11.0893936 0.0379522 0.5898516 -0.0356936 0.8058292
66.398400 26.0826054 -2.2579741 11.1244621 0.0382366 0.5899103 -0.0361517 0.8057523
66.605040 26.1923561 -2.2690113 11.1600780 0.0409564 0.5896276 -0.0366874 0.8058015
66.811530 26.3052940 -2.2806208 11.1968327 0.0396037 0.5896055 -0.0348363 0.8059674
67.018180 26.4206123 -2.2919247 11.2335835 0.0424391 0.5891563 -0.0327923 0.8062372
67.224700 26.5367184 -2.3040159 11.2704258 0.0442380 0.5883523 -0.0300081 0.8068359
67.431360 26.6528912 -2.3164752 11.3070889 0.0474864 0.5871795 -0.0258038 0.8076506
67.638020 26.7697372 -2.3281710 11.3458443 0.0420070 0.5870342 -0.0248633 0.8080892
67.947740 26.9440002 -2.3452229 11.4029274 0.0426884 0.5862105 -0.0243277 0.8086675
68.257700 27.1138821 -2.3620915 11.4595280 0.0437568 0.5852753 -0.0219278 0.8093562
68.464300 27.2248802 -2.3728037 11.4967365 0.0426763 0.5852398 -0.0223535 0.8094279
68.670920 27.3336315 -2.3836062 11.5326424 0.0422143 0.5855594 -0.0213875 0.8092470
68.981020 27.4913807 -2.3991466 11.5851688 0.0407077 0.5869603 -0.0192386 0.8083628
69.290960 27.6433945 -2.4138525 11.6349621 0.0453149 0.5884663 -0.0230983 0.8069203
69.497520 27.7444763 -2.4239030 11.6673927 0.0472448 0.5893598 -0.0251229 0.8060967
69.704490 27.8432407 -2.4339738 11.6992207 0.0433378 0.5906870 -0.0227193 0.8054157
69.910950 27.9413586 -2.4434476 11.7296581 0.0442467 0.5912319 -0.0214207 0.8050020
70.118000 28.0379505 -2.4528363 11.7602482 0.0454545 0.5914166 -0.0223390 0.8047740
70.324290 28.1344872 -2.4620993 11.7902908 0.0469395 0.5914052 -0.0220550 0.8047051
70.530930 28.2306290 -2.4717817 11.8207054 0.0481943 0.5913866 -0.0228747 0.8046216
70.841960 28.3764381 -2.4867034 11.8665123 0.0475807 0.5909006 -0.0215201 0.8050525
71.151220 28.5205288 -2.5013149 11.9127483 0.0459548 0.5890551 -0.0195020 0.8065494
71.359740 28.6134186 -2.5107453 11.9433556 0.0456473 0.5874115 -0.0211772 0.8077225
71.564460 28.7034111 -2.5198581 11.9734821 0.0451961 0.5858138 -0.0218188 0.8088903
71.874710 28.8323994 -2.5331664 12.0174923 0.0430873 0.5844117 -0.0218526 0.8100178
72.084410 28.9148674 -2.5417778 12.0457211 0.0431132 0.5835519 -0.0217035 0.8106401
72.288020 28.9949913 -2.5496025 12.0729122 0.0435664 0.5825616 -0.0208199 0.8113510
72.495110 29.0722599 -2.5571845 12.0995865 0.0435160 0.5815243 -0.0214742 0.8120805
72.804810 29.1831608 -2.5681477 12.1381741 0.0433807 0.5802212 -0.0218531 0.8130092
73.114920 29.2881641 -2.5788546 12.1752586 0.0412001 0.5793114 -0.0222728 0.8137596
73.425090 29.3855820 -2.5885196 12.2099552 0.0429363 0.5784616 -0.0233328 0.8142446
73.632800 29.4472809 -2.5947237 12.2319241 0.0444028 0.5776846 -0.0253606 0.8146569
73.838630 29.5059566 -2.6003020 12.2522831 0.0459028 0.5770404 -0.0246986 0.8150505
74.045380 29.5616322 -2.6066847 12.2726879 0.0439616 0.5779905 -0.0244671 0.8144911
74.252330 29.6142101 -2.6122200 12.2909470 0.0431930 0.5790238 -0.0241705 0.8138068
74.459100 29.6637173 -2.6172009 12.3085899 0.0428806 0.5800644 -0.0238471 0.8130916
74.665890 29.7103233 -2.6220183 12.3245678 0.0424493 0.5809016 -0.0229993 0.8125407
74.872800 29.7541332 -2.6264195 12.3396149 0.0420442 0.5818218 -0.0227786 0.8119094
75.079510 29.7945652 -2.6305127 12.3541660 0.0409345 0.5827638 -0.0237546 0.8112622
75.286270 29.8333797 -2.6342316 12.3670464 0.0417968 0.5836607 -0.0234382 0.8105825
75.492900 29.8706436 -2.6377318 12.3796711 0.0429038 0.5841556 -0.0236349 0.8101624
75.699680 29.9066181 -2.6414542 12.3919487 0.0419793 0.5840501 -0.0237243 0.8102841
75.906260 29.9421005 -2.6446733 12.4043999 0.0411756 0.5831409 -0.0244090 0.8109597
76.112930 29.9767876 -2.6477869 12.4167461 0.0407379 0.5812373 -0.0250013 0.8123291
76.319510 30.0120144 -2.6510081 12.4294167 0.0411723 0.5769805 -0.0247477 0.8153441
76.526720 30.0475197 -2.6545506 12.4436607 0.0411127 0.5696446 -0.0259839 0.8204510
76.732320 30.0837975 -2.6582603 12.4592743 0.0416455 0.5598193 -0.0265880 0.8271403
76.938900 30.1204681 -2.6618495 12.4769344 0.0411510 0.5461415 -0.0284372 0.8361982
77.248120 30.1755695 -2.6679211 12.5058479 0.0423101 0.5198725 -0.0317950 0.8526028
77.557920 30.2269058 -2.6735470 12.5389500 0.0422419 0.4935248 -0.0374473 0.8678978
77.868560 30.2755623 -2.6791663 12.5699816 0.0411083 0.4929881 -0.0426483 0.8680173
78.179430 30.3222198 -2.6850111 12.5946198 0.0432354 0.5119005 -0.0404871 0.8570002
78.386780 30.3533154 -2.6889262 12.6081352 0.0448888 0.5303996 -0.0378445 0.8457122
78.593920 30.3855705 -2.6930146 12.6205235 0.0444798 0.5499224 -0.0375280 0.8331859
78.800950 30.4200382 -2.6969070 12.6323929 0.0453453 0.5675510 -0.0354050 0.8213259
79.007710 30.4549217 -2.7012165 12.6420841 0.0476106 0.5815650 -0.0321477 0.8114690
79.214940 30.4895134 -2.7051725 12.6521168 0.0466250 0.5917669 -0.0314028 0.8041468
79.422000 30.5229645 -2.7088962 12.6611748 0.0457146 0.5985714 -0.0292882 0.7992276
79.733660 30.5684719 -2.7139745 12.6748905 0.0466015 0.5957855 -0.0283647 0.8012887
80.044830 30.6079540 -2.7182651 12.6901073 0.0450971 0.5808409 -0.0297614 0.8122219
80.350710 30.6402016 -2.7223368 12.7056637 0.0412775 0.5621680 -0.0331512 0.8253268
80.658440 30.6658783 -2.7253768 12.7173882 0.0495040 0.5410291 -0.0283158 0.8390680
80.971640 30.6862392 -2.7278342 12.7324219 0.0444506 0.5207586 -0.0346006 0.8518435
81.278100 30.7039967 -2.7294416 12.7447052 0.0429782 0.5026023 -0.0348709 0.8627443
81.588120 30.7190304 -2.7309504 12.7560225 0.0420833 0.4868849 -0.0336493 0.8718027
81.900220 30.7287827 -2.7328982 12.7662611 0.0387748 0.4740939 -0.0420817 0.8786129
82.208520 30.7371140 -2.7342339 12.7735167 0.0375255 0.4647773 -0.0423513 0.8836177
82.518840 30.7448368 -2.7348616 12.7803049 0.0359151 0.4574170 -0.0404434 0.8876058
